  (11436, 42050)	1.0
  (11190, 42050)	1.0
  (12959, 1639)	1.0
  (834, 5919)	1.0
  (12884, 5919)	1.0
  (195, 5451)	1.0
  (13175, 4151)	1.0
  (5595, 5377)	1.0
  (10194, 38940)	1.0
  (8161, 38940)	1.0
  (12105, 5919)	1.0
  (8333, 39359)	1.0
  (11034, 3500)	1.0
  (9507, 39359)	1.0
  (7005, 9585)	1.0
  (8893, 38940)	1.0
  (11820, 8449)	1.0
  (1427, 19247)	1.0
  (1545, 42050)	1.0
  (4589, 22634)	1.0
  (9777, 1639)	1.0
  (5231, 3679)	1.0
  (9695, 9585)	1.0
  (9151, 29732)	1.0
  (10379, 8449)	1.0
  :	:
  (11710, 41782)	1.0
  (7290, 5919)	1.0
  (8670, 9585)	1.0
  (6316, 3500)	1.0
  (5404, 12474)	1.0
  (12834, 29903)	1.0
  (5436, 19116)	1.0
  (1525, 19116)	1.0
  (1694, 19116)	1.0
  (10010, 42049)	1.0
  (7265, 3500)	1.0
  (1462, 19116)	1.0
  (12669, 8628)	1.0
  (12163, 8449)	1.0
  (11755, 38940)	1.0
  (1530, 38940)	1.0
  (12731, 25741)	1.0
  (1529, 20781)	1.0
  (6799, 1639)	1.0
  (1527, 42049)	1.0
  (4773, 42049)	1.0
  (3745, 5919)	1.0
  (7087, 8628)	1.0
  (13504, 42050)	1.0
  (10944, 4151)	1.0